1081810403
1155986834
1598823311
1548894903
1667368078
1042841510
1394249322
1046080680
1937314943
1422491848
1668623369
1319998920
1050655161
1334782637
1433504496
1026897908
2137475691
1909217195
1213960693
1946116642
1834858463
1968407062
1508612970
1534447906
2025771705
1311008449
1163900330
1333771068
2097962996
1917868344
1462122062
1164892785
1658130406
1138525562
1020042406
1951581766
1819089330
1758124170
1699899954
1594206816
1422201481
1156841552
1536003009
1665973173
1328505512
1281231989
1233394603
1974499187
1869884089
1058842786
1234230207
2034682939
1640717447
1899716398
1443553333
1139227087
1494569426
1833849873
1423328495
2025913243
2011128932
1910855542
1772599017
1222368049
1455357655
1565614348
2056420740
2104028906
1558856983
1929352134
1173254374
1591759068
1504936254
1256075860
1569589647
1586642607
1472084144
2061860753
2019470939
1786711492
2040016335
1239767318
1431000211
2038622022
1940337955
1744613688
2036116250
1685366982
1570068091
1447168801
1477514822
1002042047
2004079228
2139639477
1335581530
1167320376
1027977599
1381844371
1094533147
1302806779