1081810403
1155986834
1598823311
1548894903
1667368078
1042841510
1394249322
1046080680
1937314943
1422491848
1668623369
1319998920
1050655161
1334782637
1433504496
1026897908
2137475691
1909217195
1213960693
1946116642
1834858463
1968407062
1508612970
1534447906
2025771705
1311008449
1163900330
1333771068
2097962996
1917868344
1462122062
1164892785
1658130406
1138525562
1020042406
1951581766
1819089330
1758124170
1699899954
1594206816
1422201481
1156841552
1536003009
1665973173
1328505512
1281231989
1233394603
1974499187
1869884089
1058842786
1234230207
2034682939
1640717447
1899716398
1443553333
1139227087
1494569426
1833849873
1423328495
2025913243
2011128932
1910855542
1772599017
1222368049
1455357655
1565614348
2056420740
2104028906
1558856983
1929352134
1173254374
1591759068
1504936254
1256075860
1569589647
1586642607
1472084144
2061860753
2019470939
1786711492
2040016335
1239767318
1431000211
2038622022
1940337955
1744613688
2036116250
1685366982
1570068091
1447168801
1477514822
1002042047
2004079228
2139639477
1335581530
1167320376
1027977599
1381844371
1094533147
1302806779
1759359102
1284030619
1965320292
1613873695
1124926197
1534595055
1749014120
1363455929
1805523726
2064526945
1534239276
1521272507
1645064682
1536978181
1899865017
2078186693
1969602819
1170236318
1794974672
1008626521
2012331934
1505580373
1729169138
1503826411
1131317929
1263268492
1131214864
1899983843
1935092504
1534301281
2040255704
1403405447
1985769881
1493511197
2066880844
1919721302
1717165916
1321931154
1360999887
1248858893
1728061150
1179362756
1165979202
1915421372
1313740144
1448092905
1817514530
1651189673
1702767177
1615327006
1091245130
1746580856
1158448882
1396475384
1565173987
1222998004
1367053824
1513275368
1376896754
1782604674
2005890971
1043364059
1509375300
1579909124
1180242064
2117717487
1244977135
1620268663
1666182476
2040336331
2030751082
1703612748
2129625952
1345270644
1126539649
1348754081
1732840661
1766872697
2006360600
1636448190
1354007447
1973029275
2056967378
1508204426
1452119440
1236058352
1205573061
1853065875
1002682284
2119359811
1538118810
1832942878
1714465708
1077722906
1595092771
2048969516
1435433010
1078696665
1671481449
1368012548
1718118821
2022315152
1020318668
1368923533
1600586507
1520939335
1886740027
1747092228
1215653036
1191699251
1476085700
1822186673
1185620786
1508454530
1049565154
1861884111
1110261986
1260523009
1676890464
1684577930
1724685097
1312637785
1446576172
2019025242
1438176305
1181110505
1520862624
1056197399
1068672866
1938899719
1028331708
1839371597
1843487230
1332118283
1893966458
1591035124
1514532336
1044109813
2000559491
2028688730
1220658220
2021840554
1807126969
1952895309
1902572771
1193590639
1601188380
2052998350
1752366296
1121126374
1729083719
2015972030
1474657361
1641752755
1210602867
1717363746
1480547764
1468917650
1061521475
1617991282
1335901034
1375467401
1214299981
1444554414
1719434980
1940211637
1333514619
1424905189
1311817590
2069625176
1394473636
1090098833
1642125518
1056496739
1106818778
1755996960
1935584864
1531566199
1787503876
1181620031
1016609246
2055223197
1147950982
1632183953
1706015441
1857117727
1749409807
1785956676
1895156990
1592165575
1559439486
1035725367
1707630464
1725160039
1004252370
1533885150
1237935509
1688385459
1507768420
1711314908
1040120886
1113635563
1337272052
1889031036
1344272584
1637809614
1326959517
1398140319
2055906427
1963535509
1461784524
1044047785
1385289999
1089014012
1469964699
2014739667
2139427728
1039200664
1307229100
1350328890
1678044599
2101246567
1455950743
1777283112
1976784056
1463256226
1511292088
2101996570
1092710443
1182931613
1098262234
1942843924
1812174411
1550569208
1677176129
1794613542
1021596182
1954115181
1530222731
1501843747
1338834643
1001584072
2116386447
1340926483
1158284643
2124566335
1355503482
1322052735
2114557342
1075428012
1818541231
1216376370
1019523755
1918950603
1237688060
1804556507
1393958454
1355221696
1892188482
1679277711
1347221098
2091129375
1944746211
1724188977
1096268365
2007137180
1500675210
1869018441
1659747176
1630215558
1478894950
1498553631
1740920365
1989508903
1805483241
1869953032
1084236772
1284250370
1154680434
1893310995
2046723787
1559098168
1611623246
1216662792
1167136085
1339148318
1535578956
1218094647
2001347692
1762516267
1396556910
1011524451
1903420028
1949346200
1205590374
1476477069
1498263297
1032348300
1889501935
1861060790
1995887351
2117100843
1768261036
1665314611
2052891848
2100105629
2077609000
1773372718
1529763795
1543508064
1663120640
1883609679
1236186178
1082542219
1705670137
1198637021
2035293440
2034440599
2010856170
1929960147
1234575306
1467225299
2029289308
1645105581
1509848561
1898286398
1505085114
1829684996
1523007965
1428221485
2128283147
1215599996
2141038037
2139985893
1556156068
2056032941
2025431441
1013439823
1716302216
1199756835
2021297450
1756999607
1096473022
1719155441
1367767915
1726617273
1133042050
1861228725
1622127117
1124641249
1256257247
1624640138
1084822839
1774298257
1871126986
1463811938
1650926336
1465905782
1019160372
1917407237
1905076555
1623023025
1267168417
1692500396
1503600719
1819840194
1023298050
1446651504
1966696494
1870301012
1154553313
2142412484
1010731747
1911176742
1739827216
1041946524
1397659656
1337939560
2073231965
1655878576
1662293555
1433460932
1783138459
1366759487
2006800519
1924706705
1923868584
1426007317
1705613299
1402937681
1226086939
1040941153
1453670319
1071763543
1547948676
2050452905
1571676689
1944082193
1302528085
1563305222
2078336065
1773645465
1851250107
1742706060
1934901263
1974366951
1907968117
2052805287
1604495240
1756103387
1170266156
1009386501
1035077386
1528535419
1427557189
2073413088
2085902030
1641726552
1122825859
1254701317
1063693861
1215861011
2034785341
1432504790
1658917073
1476773943
1037351168
1599381997
1881366868
1839924654
1908903913
1422143383
1535648615
1360664926
1416934584
1950756426
2122257286
1665003210
1852232626
1241300966
1965237914
1352763639
1171101652
1273482207
1491205521
1473930612
2080788454
1825518466
2004666267
1095957782
2033253444
1690781726
1630702888
1323804140
1416683450
1058491575
2100075934
1688749836
1659867505
1861773913
1340023113
2040579019
1742904790
1516203260
1194923252
1720514458
1627712928
1628527489
1907961338
1185909962
1396869636
2068528277
1253948109
2001595028
1122812512
2109521014
1356319273
2127434179
1251963479
1068656547
1101200128
2115549510
1326609251
1702063920
2028933462
2030008332
1579750107
1466796574
2036153429
1819562272
1930678840
1692754999
1756682718
1963826898
1097824065
1671518278
1984640583
1427084298
1132557461
1130562598
1525671168
1154709632
1915780099
1574919918
1930755700
1660439484
1225518196
2140820767
1738428100
1999165321
1973989041
1639029117
1176598507
1117129322
1127362210
1252411437
1602741564
1921358221
1826372840
1690544449
1105464191
1817464933
2031753903
1029515205
1294597120
1291709817
1393610505
1315447488
1034362850
2061124924
1730419804
2073689200
1279625385
1942199718
2005478066
1220873791
1040471300
2076770361
2051233230
1082869937
1134098846
1631148559
1157023600
2036362461
2008878280
1543682052
1275703839
1505151653
1688087976
1320755942
1529238035
1275277079
1983180717
1860828861
1010980526
2011790828
1524038392
1429491294
1507570143
1068774959
1957842239
1552804333
1946174526
1242541593
2131722337
1183586288
1811038678
1142444202
1256108441
1262218077
1201370568
2139104841
1155529674
1671654763
2123546144
1730076074
1523206043
1072822679
1630292078
1648012842
1607469071
2134316013
1885134924
1690931383
1724111583
1832690488
1081961081
1973508360
2129113035
1027915187
1989479415
1705793410
1304446149
1511942955
1427072722
1003535854
2022647124
2017909030
1006534429
1671198849
1569932243
1925757218
1122992493
1912183816
1919668667
1878833337
2103280205
1252093383
1196615690
1177285355
1466385791
1078764955
1968866002
1929466102
1361955299
1524579309
1439556366
1593373549
1795953746
1124404193
1767509815
1014525942
1251631986
1151319836
1648182383
1951423714
2029741770
1021102764
1577590104
1264114743
1867479117
1578631847
1668067346
2030525183
2085206184
1156776823
1562023551
1535637371
1968081576
1184378868
1120396262
1170429258
1426160244
1258763207
1262339591
1360090500
1580755751
1170623605
1313030576
1366478956
1503503382
1955060682
1215304690
1144203443
1743564616
1690972240
1296085451
2071922152
1829852230
1349549747
1605615433
2097039040
1068322742
1625097599
1310940579
1031418373
1559259864
1058563148
1838120467
1244844102
1047163628
1581231258
1563220997
1366794819
1789278961
1187915146
1645332479
2109983361
1356460608
2015661595
1798378845
1905805455
2141493269
1210609028
1462900176
1981668063
1164334882
1308285649
1976089456
1127078307
1000544982
1637147603
1610111995
1405028381
1473512241
1988635669
1036845132
1391045587
1733374203
1182098192
1630189750
1639853651
1133007377
2125981411
1264290857
1425620292
1222529261
1468642681
1690865189
1479344144
1906289638
1005546283
1433084131
1625790530
1970387394
1869102366
1540449820
1227837230
1790181114
1203615206
1938229893
1456481357
1544617882
1996268640
1408574911
1418782195
1887593128
1265161580
1880531192
1189609295
1258416766
2037821039
2032555772
1262861161
1289852898
1718910934
1212327922
1765302289
2071373214
1715514358
1047076083
1837629913
1819814998
1594313490
1504242365
2047830742
1822311219
1619269962
1410562880
1416692198
1533273391
1665819002
1357492406
1978462617
1007455616
1152403116
1309388044
1562012169
1465467477
1445142573
1446539427
2142187837
1888044411
1153399612
1732182071
1810057654
1149747725
1672991910
1140541011
2135676789
1551624746
1537870898
1251388276
1050038178
1492684295
1180756308
1223584822
1166539748
2053321958
1740154775
1540808673
1019151967
1634366442
1908230147
1544667431
1329292768
1623798947
1567927271
1309489046
1596245349
1448793379
1648318078
1676434386
1813901375
1936759036
1620618027
1046814217
1767858184
2019112962
1126816184
1312401775
1983682374
1399596177
1287170911
1702152220
1654160849
1999064926
1305440212
1266497278
1685122518
1401520242
1635744053
1553303336
1005103952
1653029612
1379923040
1363147109
2000889277
1999215865
1830588854
1075944653
1520828431
1654269460
1163712167
1735548412
1078737366
1028372877
1305798504
1779443781
2127705323
1554512853
1559581074
1917381011
1265868046
1385146824
1374160732
1466971631
1647165356
1184127855
1241103283
1948078722
1213739594
1824714538
2141133424
1047483531
1640769288
1603749975
1253110825
1968158553
1737863951
1185272288
1003380470
1125891626
1883873340
1989074184
1314705043
1560269615
1002226993
1369906717
2097318765
1863683349
1286581044
1054824454
2135027788
1947713378
2064767119
1463598213
1348421988
2028788547
1833192773
1897357806
1610851642
1649629830
1389553037
1643323041
1915384654
1750230930
1660382095
1814103717
1605720550
2110342422
2118653324
1155659236
2009325427
1749781013
1733756637
1687630417
1180252023
1934382964
2091089189
1492007274
2066639978
2038205141
1321040371
1355909918
1230319219
1975644727
1999520267
2136015087
1204201674
1081810403
1155986834
1598823311
1548894903
1667368078
1042841510
1394249322
1046080680
1937314943
1422491848
1668623369
1319998920
1050655161
1334782637
1433504496
1026897908
2137475691
1909217195
1213960693
1946116642
1834858463
1968407062
1508612970
1534447906
2025771705
1311008449
1163900330
1333771068
2097962996
1917868344
1462122062
1164892785
1658130406
1138525562
1020042406
1951581766
1819089330
1758124170
1699899954
1594206816
1422201481
1156841552
1536003009
1665973173
1328505512
1281231989
1233394603
1974499187
1869884089
1058842786
1234230207
2034682939
1640717447
1899716398
1443553333
1139227087
1494569426
1833849873
1423328495
2025913243
2011128932
1910855542
1772599017
1222368049
1455357655
1565614348
2056420740
2104028906
1558856983
1929352134
1173254374
1591759068
1504936254
1256075860
1569589647
1586642607
1472084144
2061860753
2019470939
1786711492
2040016335
1239767318
1431000211
2038622022
1940337955
1744613688
2036116250
1685366982
1570068091
1447168801
1477514822
1002042047
2004079228
2139639477
1335581530
1167320376
1027977599
1381844371
1094533147
1302806779
1759359102
1284030619
1965320292
1613873695
1124926197
1534595055
1749014120
1363455929
1805523726
2064526945
1534239276
1521272507
1645064682
1536978181
1899865017
2078186693
1969602819
1170236318
1794974672
1008626521
2012331934
1505580373
1729169138
1503826411
1131317929
1263268492
1131214864
1899983843
1935092504
1534301281
2040255704
1403405447
1985769881
1493511197
2066880844
1919721302
1717165916
1321931154
1360999887
1248858893
1728061150
1179362756
1165979202
1915421372
1313740144
1448092905
1817514530
1651189673
1702767177
1615327006
1091245130
1746580856
1158448882
1396475384
1565173987
1222998004
1367053824
1513275368
1376896754
1782604674
2005890971
1043364059
1509375300
1579909124
1180242064
2117717487
1244977135
1620268663
1666182476
2040336331
2030751082
1703612748
2129625952
1345270644
1126539649
1348754081
1732840661
1766872697
2006360600
1636448190
1354007447
1973029275
2056967378
1508204426
1452119440
1236058352
1205573061
1853065875
1002682284
2119359811
1538118810
1832942878
1714465708
1077722906
1595092771
2048969516
1435433010
1078696665
1671481449
1368012548
1718118821
2022315152
1020318668
1368923533
1600586507
1520939335
1886740027
1747092228
1215653036
1191699251
1476085700
1822186673
1185620786
1508454530
1049565154
1861884111
1110261986
1260523009
1676890464
1684577930
1724685097
1312637785
1446576172
2019025242
1438176305
1181110505
1520862624
1056197399
1068672866
1938899719
1028331708
1839371597
1843487230
1332118283
1893966458
1591035124
1514532336
1044109813
2000559491
2028688730
1220658220
2021840554
1807126969
1952895309
1902572771
1193590639
1601188380
2052998350
1752366296
1121126374
1729083719
2015972030
1474657361
1641752755
1210602867
1717363746
1480547764
1468917650
1061521475
1617991282
1335901034
1375467401
1214299981
1444554414
1719434980
1940211637
1333514619
1424905189
1311817590
2069625176
1394473636
1090098833
1642125518
1056496739
1106818778
1755996960
1935584864
1531566199
1787503876
1181620031
1016609246
2055223197
1147950982
1632183953
1706015441
1857117727
1749409807
1785956676
1895156990
1592165575
1559439486
1035725367
1707630464
1725160039
1004252370
1533885150
1237935509
1688385459
1507768420
1711314908
1040120886
1113635563
1337272052
1889031036
1344272584
1637809614
1326959517
1398140319
2055906427
1963535509
1461784524
1044047785
1385289999
1089014012
1469964699
2014739667
2139427728
1039200664
1307229100
1350328890
1678044599
2101246567
1455950743
1777283112
1976784056
1463256226
1511292088
2101996570
1092710443
1182931613
1098262234
1942843924
1812174411
1550569208
1677176129
1794613542
1021596182
1954115181
1530222731
1501843747
1338834643
1001584072
2116386447
1340926483
1158284643
2124566335
1355503482
1322052735
2114557342
1075428012
1818541231
1216376370
1019523755
1918950603
1237688060
1804556507
1393958454
1355221696
1892188482
1679277711
1347221098
2091129375
1944746211
1724188977
1096268365
2007137180
1500675210
1869018441
1659747176
1630215558
1478894950
1498553631
1740920365
1989508903
1805483241
1869953032
1084236772
1284250370
1154680434
1893310995
2046723787
1559098168
1611623246
1216662792
1167136085
1339148318
1535578956
1218094647
2001347692
1762516267
1396556910
1011524451
1903420028
1949346200
1205590374
1476477069
1498263297
1032348300
1889501935
1861060790
1995887351
2117100843
1768261036
1665314611
2052891848
2100105629
2077609000
1773372718
1529763795
1543508064
1663120640
1883609679
1236186178
1082542219
1705670137
1198637021
2035293440
2034440599
2010856170
1929960147
1234575306
1467225299
2029289308
1645105581
1509848561
1898286398
1505085114
1829684996
1523007965
1428221485
2128283147
1215599996
2141038037
2139985893
1556156068
2056032941
2025431441
1013439823
1716302216
1199756835
2021297450
1756999607
1096473022
1719155441
1367767915
1726617273
1133042050
1861228725
1622127117
1124641249
1256257247
1624640138
1084822839
1774298257
1871126986
1463811938
1650926336
1465905782
1019160372
1917407237
1905076555
1623023025
1267168417
1692500396
1503600719
1819840194
1023298050
1446651504
1966696494
1870301012
1154553313
2142412484
1010731747
1911176742
1739827216
1041946524
1397659656
1337939560
2073231965
1655878576
1662293555
1433460932
1783138459
1366759487
2006800519
1924706705
1923868584
1426007317
1705613299
1402937681
1226086939
1040941153
1453670319
1071763543
1547948676
2050452905
1571676689
1944082193
1302528085
1563305222
2078336065
1773645465
1851250107
1742706060
1934901263
1974366951
1907968117
2052805287
1604495240
1756103387
1170266156
1009386501
1035077386
1528535419
1427557189
2073413088
2085902030
1641726552
1122825859
1254701317
1063693861
1215861011
2034785341
1432504790
1658917073
1476773943
1037351168
1599381997
1881366868
1839924654
1908903913
1422143383
1535648615
1360664926
1416934584
1950756426
2122257286
1665003210
1852232626
1241300966
1965237914
1352763639
1171101652
1273482207
1491205521
1473930612
2080788454
1825518466
2004666267
1095957782
2033253444
1690781726
1630702888
1323804140
1416683450
1058491575
2100075934
1688749836
1659867505
1861773913
1340023113
2040579019
1742904790
1516203260
1194923252
1720514458
1627712928
1628527489
1907961338
1185909962
1396869636
2068528277
1253948109
2001595028
1122812512
2109521014
1356319273
2127434179
1251963479
1068656547
1101200128
2115549510
1326609251
1702063920
2028933462
2030008332
1579750107
1466796574
2036153429
1819562272
1930678840
1692754999
1756682718
1963826898
1097824065
1671518278
1984640583
1427084298
1132557461
1130562598
1525671168
1154709632
1915780099
1574919918
1930755700
1660439484
1225518196
2140820767
1738428100
1999165321
1973989041
1639029117
1176598507
1117129322
1127362210
1252411437
1602741564
1921358221
1826372840
1690544449
1105464191
1817464933
2031753903
1029515205
1294597120
1291709817
1393610505
1315447488
1034362850
2061124924
1730419804
2073689200
1279625385
1942199718
2005478066
1220873791
1040471300
2076770361
2051233230
1082869937
1134098846
1631148559
1157023600
2036362461
2008878280
1543682052
1275703839
1505151653
1688087976
1320755942
1529238035
1275277079
1983180717
1860828861
1010980526
2011790828
1524038392
1429491294
1507570143
1068774959
1957842239
1552804333
1946174526
1242541593
2131722337
1183586288
1811038678
1142444202
1256108441
1262218077
1201370568
2139104841
1155529674
1671654763
2123546144
1730076074
1523206043
1072822679
1630292078
1648012842
1607469071
2134316013
1885134924
1690931383
1724111583
1832690488
1081961081
1973508360
2129113035
1027915187
1989479415
1705793410
1304446149
1511942955
1427072722
1003535854
2022647124
2017909030
1006534429
1671198849
1569932243
1925757218
1122992493
1912183816
1919668667
1878833337
2103280205
1252093383
1196615690
1177285355
1466385791
1078764955
1968866002
1929466102
1361955299
1524579309
1439556366
1593373549
1795953746
1124404193
1767509815
1014525942
1251631986
1151319836
1648182383
1951423714
2029741770
1021102764
1577590104
1264114743
1867479117
1578631847
1668067346
2030525183
2085206184
1156776823
1562023551
1535637371
1968081576
1184378868
1120396262
1170429258
1426160244
1258763207
1262339591
1360090500
1580755751
1170623605
1313030576
1366478956
1503503382
1955060682
1215304690
1144203443
1743564616
1690972240
1296085451
2071922152
1829852230
1349549747
1605615433
2097039040
1068322742
1625097599
1310940579
1031418373
1559259864
1058563148
1838120467
1244844102
1047163628
1581231258
1563220997
1366794819
1789278961
1187915146
1645332479
2109983361
1356460608
2015661595
1798378845
1905805455
2141493269
1210609028
1462900176
1981668063
1164334882
1308285649
1976089456
1127078307
1000544982
1637147603
1610111995
1405028381
1473512241
1988635669
1036845132
1391045587
1733374203
1182098192
1630189750
1639853651
1133007377
2125981411
1264290857
1425620292
1222529261
1468642681
1690865189
1479344144
1906289638
1005546283
1433084131
1625790530
1970387394
1869102366
1540449820
1227837230
1790181114
1203615206
1938229893
1456481357
1544617882
1996268640
1408574911
1418782195
1887593128
1265161580
1880531192
1189609295
1258416766
2037821039
2032555772
1262861161
1289852898
1718910934
1212327922
1765302289
2071373214
1715514358
1047076083
1837629913
1819814998
1594313490
1504242365
2047830742
1822311219
1619269962
1410562880
1416692198
1533273391
1665819002
1357492406
1978462617
1007455616
1152403116
1309388044
1562012169
1465467477
1445142573
1446539427
2142187837
1888044411
1153399612
1732182071
1810057654
1149747725
1672991910
1140541011
2135676789
1551624746
1537870898
1251388276
1050038178
1492684295
1180756308
1223584822
1166539748
2053321958
1740154775
1540808673
1019151967
1634366442
1908230147
1544667431
1329292768
1623798947
1567927271
1309489046
1596245349
1448793379
1648318078
1676434386
1813901375
1936759036
1620618027
1046814217
1767858184
2019112962
1126816184
1312401775
1983682374
1399596177
1287170911
1702152220
1654160849
1999064926
1305440212
1266497278
1685122518
1401520242
1635744053
1553303336
1005103952
1653029612
1379923040
1363147109
2000889277
1999215865
1830588854
1075944653
1520828431
1654269460
1163712167
1735548412
1078737366
1028372877
1305798504
1779443781
2127705323
1554512853
1559581074
1917381011
1265868046
1385146824
1374160732
1466971631
1647165356
1184127855
1241103283
1948078722
1213739594
1824714538
2141133424
1047483531
1640769288
1603749975
1253110825
1968158553
1737863951
1185272288
1003380470
1125891626
1883873340
1989074184
1314705043
1560269615
1002226993
1369906717
2097318765
1863683349
1286581044
1054824454
2135027788
1947713378
2064767119
1463598213
1348421988
2028788547
1833192773
1897357806
1610851642
1649629830
1389553037
1643323041
1915384654
1750230930
1660382095
1814103717
1605720550
2110342422
2118653324
1155659236
2009325427
1749781013
1733756637
1687630417
1180252023
1934382964
2091089189
1492007274
2066639978
2038205141
1321040371
1355909918
1230319219
1975644727
1999520267
2136015087
1204201674
