1960689506
1335766847
1737945348
2100061884
1811254432
1675679669
1497903107
1657926436
2068320820
1828383553
1940011971
1587290911
1359427572
1384421516
1891097878
1858093228
1859734861
1954986261
1990526394
1705807534
1897882765
1965636969
1948558114
1036893942
2110663564
1982127262
1720448429
1334101159
1898027197
1946068441
1802112100
1623820993
1148639510
1457470588
1693323369
1662718438
1173737858
2146052918
1860411994
1100514594
1599522846
1070458071
1575956219
1665992362
1432623477
1469201716
1586230101
1104218288
1790437551
1499046027
1588881750
1642950776
1818823253
2013296546
1531733455
1122819436
2096555203
1348634647
1209418317
1150844894
1512368247
1752998041
1780255667
1110059324
2125474705
1471021126
1317273578
1776265345
2028755856
1192375516
1481491428
1237380123
2086494914
1271334371
1181095636
1460369760
1774976737
1542418515
1500740454
1489125583
1183686903
2030842095
1433576707
1779738090
2141660804
2011004037
1845899084
1039762753
1009635583
2138716255
1360159387
1621952344
1092162183
1980314400
1275298830
1519063674
1968099804
1090097821
1398901089
1636524054
1744277496
1286193459
1476998451
1602623472
1135561960
1915671096
1444779364
1939688069
1685219309
1707689068
1347456074
1966531726
1195519836
1939272258
1802447928
1603995938
1370367697
1959705729
1159341804
1941458968
1856679601
1954660468
1251749549
1938587675
1902100293
1920866640
1793642020
1331035393
1145734685
1181759088
1807853099
1867330763
1741510394
1690755435
1697235782
1020359154
2014054554
1668333209
1360237426
1761872822
2077821024
1484998746
1154435827
1675507436
1924194410
1991128191
1584536742
1691962879
1974954369
1778904485
2049678122
1744914592
1242663318
1094887012
1301041398
1320529355
1211800440
1498859413
1240894663
1428960160
1377846915
1388912447
1607986209
1936279035
2001480548
1202709404
1968941337
2089510020
1157894522
1852707023
1984705363
1753031534
1226009838
1608224697
1128541460
1949334421
1812243033
1477427130
1624671144
1510948809
1469888229
1234703662
1453636501
1376818695
1433896282
1483319046
1594567057
1362490690
1543838124
1200286535
1813350821
1457882244
1063322022
1210988361
1521370702
2059108182
1144231366
1094258206
1980445234
1336703127
2029065769
1478405304
1816993779
1855211348
1996133164
1938346263
2070502456
1158709335
1627547748
1486290361
1594792198
1864888660
1691673726
1903958655
1947542194
1579846144
1983989452
2015726184
1584049532
1853090900
1207180279
1168942356
1982350602
1132702844
1671409926
1419417752
1392759885
2067404113
1510426847
1579748436
2040051215
1065865199
1292160025
1351382341
2041568125
1265336736
2043514592
1555217499
2069297403
1199733313
1309271914
1719453217
1837422592
2072032242
1444082724
1004182121
1854666335
1458426350
1131721479
1296461174
1639405668
1570353484
1067458502
2038520483
2066865940
1167779451
1504561297
2029467679
1332509212
1756728215
1984091040
1406456286
1866074048
1574106125
1534907576
1471794125
1663163587
1902468230
1794868840
1807205609
1831220936
1183979042
1936023394
1936003665
1698336947
1840679874
1472944631
1355064701
1231474948
1289185918
1109841614
1124700703
1725426729
1995627248
1832998539
1692916186
1669992385
1018164765
1601573630
2060258016
1717698471
1923547118
2041773199
1220645736
1078883089
1922285526
1433036127
1548350875
1496592109
1030507420
1167094029
1511164719
1743837134
1100410918
1846218391
1270063047
1670854155
1214379832
1135674700
2025600507
1112906386
1555215263
1004018582
1230279762
1516004573
1230569257
1272213711
1214940339
1090899579
1114802006
1530841185
1320361474
2052212615
2140329689
1688815738
1286095467
1854022073
1729207324
1916533344
1049060739
1896637739
1059685470
1593155464
1961583067
1140685243
1356456572
1746904218
1511236911
1626184092
1451512779
1748197778
1376856787
1677448935
1013782109
1344695011
1346774395
2007895546
1921750910
1066536541
1166347406
1390516345
1899534959
2055668539
1703903451
1585835304
1041111915
1926157262
1932802946
1759955313
1587614815
1210045332
1442186444
1409708478
1261243537
1059964757
1884202924
1007839743
1106796026
1512337755
1110356902
1518094138
1360592488
1997867926
1743029067
1776200950
1755353668
1559613200
1109092159
1784166505
1319394079
1722792043
1749039021
1565009236
1406597288
1559332444
1714736941
1537826515
1603687374
1964284662
1729224148
1856513239
1006408006
1118971455
1185214808
1555335681
1089939139
1596783384
1777279854
1648855260
1906153433
1132938052
1267056380
1847864315
1290286727
1671314859
1253661859
1567743808
1373093061
1672854149
1910618338
1904783653
1349250756
1605639100
1286968897
1623321605
1639191313
1941992776
1019528315
1431905975
1835473787
1654461056
1115345740
1300123245
1219550655
1689436771
1433412981
2114870138
1463719995
1509532822
1543031499
1107584165
1424277016
1224942484
1755486363
2100324994
1266531780
1132847033
1117068125
2058241610
1047403711
1306092282
2099817473
1006578572
1074277240
1428647803
1308690160
1040503797
2132041360
1042949938
1804179040
1181897883
2016553536
1251400648
1736416314
1136352274
2028705596
1587238910
1970456788
1526873058
2130311700
1263020172
1426059747
1055665162
1337788459
1732157101
2050647982
1203504190
1409158183
1341607096
1286896015
1766145442
1195369022
1642195112
1043190842
1215399051
1012173221
2026400184
1997754941
1782917524
1262185905
1646474199
1212158479
2081845473
1754780043
1239098777
2130538175
1854911442
1919605273
1994531735
1016424077
1686815930
1851939803
2119199193
1304758492
1260354993
1112222366
1568336540
1053178115
1818372585
2147203880
1913375220
1737331747
1044331949
1413543083
1130526369
1670722057
2076594855
2129027742
1221742331
1534544893
1411761818
1730768795
2133341576
1977604666
1097649756
1095113511
1848734503
1525195086
1752760294
1033542159
1586049147
1315094611
1418144202
1505687058
1422832320
1315107137
1200245483
1132069927
1157633951
1022928354
1771357863
1949711731
2144574697
1061768138
1998494358
1808404850
2110152805
1692334149
1161768864
1479244326
2095294719
1376165104
1147828238
1312115633
1301476064
2079121011
2101490624
1776884027
1949749160
1295577863
1164510203
2100307874
1057164221
1849920523
2055524106
1491600751
1818169336
1959332259
1496739192
1704760747
1263325254
1321110204
1507333622
1343562359
1503249494
1681882849
1090464556
1663456053
1326147849
1591105638
1521634217
1523741879
1369544123
1035397942
1473013188
1889474517
1655255736
1938886878
1285917659
1550333085
1637843674
1777093378
1934357627
1193394885
1205058183
1264413445
2044373085
1023868403
1048745184
1812668128
1773147473
2037381710
1159970253
1996142841
1280494779
1887809189
2056599848
1275253949
2014507188
1016396829
1580451503
1026253382
1294680369
1537558989
1591183340
1013469992
1697655827
1593621540
2029157333
1650945798
1468075671
1899352275
1239315933
1803699285
1049215973
1400999998
1829668786
1262588226
1881867982
1669452654
2138695571
1023263012
1068683196
1393769443
1837431101
1365190495
1864131002
1572219085
1161278452
1382565815
1928854879
2052787053
1352901624
1299059592
1225950782
1643586787
2049644906
1933302682
1889940485
1598664280
1113915555
1253608582
2053847862
1217750601
2138194916
2141005630
1981501375
1741263755
2062924352
1110277014
1641782080
1062721839
1919734588
1015671418
1577760942
1672136004
1831356774
1792607526
1098419302
1848531630
1276135330
1574778173
1086966643
1851282087
1095179924
1791738625
1237643724
1999717701
1921783128
1792519254
1626057157
2029099080
1264214951
1310223292
1886486070
1014091157
1820452846
1509717683
1056936415
1346044795
1941431439
1270407052
1241487554
1999419106
1732498968
1281114771
1472290197
1027468854
1050107870
1938186603
1978710539
1843027213
1772512920
2016909509
1948355752
2013953187
1625051451
1915247605
1031249628
1140070064
1696973824
1822893476
1360522755
1949600778
2078828077
1431098130
1500515149
1701542747
1265456488
1872778607
1153556704
1576686618
1045982565
2089754261
1044171899
1922317359
1809408219
1015567767
1385010020
1325628944
1482118423
1002324886
2130966672
1321686439
1770012980
2009216060
1092719753
1157845264
1070959328
1329924828
2062803728
2007307650
1502000040
1086663995
1630133557
1114082476
1523420249
1509324305
1604391010
1403402603
1308789858
1444065950
1594722622
1010753957
1399307719
1437829727
1899870848
1862904251
2141791308
1470609939
1410488020
1061491245
1670997221
1911528549
2106643732
1253664598
1604304980
2140780582
1315434659
1657820515
1551381126
1761398526
1224145574
1422354509
2053312107
1309379087
1225923201
1824083649
1806153886
1861310289
1553911558
1569093317
1480987917
1652528277
1086308339
1785895472
1527639991
1718454725
2062465260
1911681388
1450951488
1907179977
1050455134
1771683348
2045386146
1741003162
1628133673
1569618187
1062562565
1373229657
1672719042
2098756788
1589216160
1386654331
1653917141
1019274036
2059772293
1654423618
1131359861
1705747358
1554515561
1226518566
1877622929
1347985511
1629352880
1316310015
1292485442
1602433973
1487748989
2040952908
1125419408
1280197040
1071013651
1938133719
1871615911
1257862073
1066798943
1949112323
1590962019
1977285225
1990560385
1898011814
1147373760
2029587819
1403017603
2131217599
1819487957
1392938516
2105624336
1820252280
1809115844
1199066669
2077066860
1816143253
2084057416
1219356350
1868587264
1847237088
1752939173
1309230949
1118378565
1361513522
2005018063
1335005031
1454747825
1468429444
1223037796
1046907854
1484000351
1289134064
1727076699
2040369377
1246694233
1624444747
1774628598
1218782896
1843092876
1016235182
1034507494
1063005008
1771027318
1171879495
1366677999
1090429865
1426006264
1326244629
1326102775
1535187773
1105377268
1603042286
1255940370
1023833985
1234137499
1827198618
1815250478
1382578659
1370299427
1810470784
1628075958
1193723615
1681263277
1452794743
1038928676
1264901415
2012945199
2129496533
1964393310
1751982756
1350326101
1604809722
2122398334
1115786200
1387444434
1994877935
1434752480
1408312696
1261325679
2023126539
1981486182
1701285400
1881333765
1251310898
1790432898
1353634806
1507582314
1000160357
1397870686
1932316016
1190602074
1590345558
1696695265
2063274988
1726345961
1061891571
1973755477
1617042732
1090913982
1852021533
1287421455
1151741896
1768723019
1188513523
1073417842
1483055017
1677260643
1493086766
1697331285
1839111451
1745699713
2054463695
1827843919
1301340303
1319653860
1216170402
1706518604
1444299719
1903265934
1858134078
1123836971
1900228159
1191554340
2026191856
1216495902
1780574079
1602354825
1887878734
2012662072
2091768814
1832403477
1497953329
1349134103
1508137204
1957969645
1707714937
1528927668
2098259788
1596310757
1260063345
1982640489
1091739153
1446584126
1966085388
1070238062
1705198938
1220443591
1946392198
1267550018
1268896770
1785316282
1755596424
1994145595
1342005095
2081916289
1700929364
1072209600
1363397351
1278027525
1457616457
1859120748
2044241138
2140922848
1945321635
1688683437
1778810170
1781757785
2063581925
1332094441
1585268560
2105218788
1782389445
1017207838
1295989086
2000212130
1916587348
1132736575
1501495186
2145421902
1304317286
2132680136
1876919021
2002401551
1825620876
1124384221
2048515037
1944621098
1183839326
2085117193
1074124716
1296173653
1665026046
2045673790
1449681441
1719213846
1898881245
1483184663
1560056975
1706982384
1939491361
2071391147
1441093885
1925823519
1316282216
1770759707
1261580422
1304873786
1029233508
2036562488
1159964444
1175424026
1007906095
1200355717
1917464096
1276383048
1463275965
1289126493
1431632580
1727063845
1465522753
1424409091
1752830189
2080559742
1927614092
1980504081
2086255955
1661036217
1685013989
1280098207
1389124074
1871477933
1638719566
1770894948
1616123415
1651525341
1433746279
1684594147
1274294417
1071879663
1888959621
1568908658
1940556708
1258430085
2101843558
1145502770
1596686714
2141023622
1952480815
1712891633
1039772483
1280247538
1196499490
1999254203
1809647225
1767437261
2016701808
2084476805
1965331886
1696304765
1490077987
1981881761
2140199835
1506865995
1533655870
2103876970
1132508449
1654043605
1847664183
1580157303
1205514971
1048078144
1760395429
2086251102
1596438967
1627377171
1229035400
1147026579
1641949760
1405419768
1904682568
1719041512
1520909930
1797888703
1521940331
1220787119
1009223329
1606201511
1768681292
1405944363
1480593252
1912307863
1538676405
1988787559
1856348780
2090327465
1681985592
2144965657
1540621040
1806193006
1985553311
1259197091
1333894660
2090149643
1926664821
1986547051
1643302023
1894286111
1553039995
1404038364
1784392226
1940292557
1204510209
1321984595
1920789799
1624449609
1039167560
2020297277
1114783001
1753640615
1543634449
1107545318
1672728474
1987621315
1445310444
1835049692
1266749093
1803683952
1790684217
1084575765
1721582865
1866383688
1417401279
1083500754
2114452299
1731801546
1585787296
1217204962
1277754222
1666566686
1663564783
1702586262
1554672325
1026133727
1864330690
1345889941
1603418184
1871499117
1478704202
1138946954
2000188855
1042207681
1653007588
2116123140
1959997997
1850616823
1787752913
1776936500
2034706668
2146951022
1097357547
1216258781
1148436346
1156420052
2006289508
1672919077
2074041615
1901621604
1753775698
2121606145
1498175473
1097670886
1714772864
2128449260
1791705961
2034235622
1925305670
1414443353
1423839449
2132550686
1028063192
1099898117
1924480032
1026598563
1801245039
1038568684
1185391764
1713341731
2126813722
2088807605
1261195132
1676750749
1460985871
1735971224
1725029646
1518907604
1629747466
2072550918
1810369164
1752866106
1361007711
1976746039
1328793955
1502468246
1136003756
1582275565
2049757277
1219416626
1527039382
1776631585
1540142722
1171275590
2109195915
1805529681
1532873583
1774909145
1488961238
1397063107
1145014083
2131967893
1348995841
2106617961
1297433567
1629682700
1323555559
2083703182
1792899416
2142553199
1013357251
1813283270
1625958285
1360523105
1693290249
1874277506
2141114540
1060736082
1925958372
1752405132
1789160417
1144048196
1076792720
1424834054
1761092725
1853377260
1295953965
1503792620
1330653253
2054742570
1175436048
2127972223
1765753228
1552782657
1591872863
1633989886
1689724375
2071310394
1218336259
2076495125
1148674811
1842842161
1321977151
1998144787
1262303276
1557396152
2096617619
1039973754
1342596264
1085764108
1374830152
1754402603
1569190721
1183320531
2134631225
1211661999
1602973039
1463514773
1471956622
1094516359
1504825081
1485981622
1392889575
1810804256
1194588301
1103261263
1116943015
1536509740
1689708254
2141176784
1207798258
1802060064
1256001532
1838404809
1891677249
2066692178
1997365515
1555269973
1819545150
1651900678
1342766896
1527211839
1884350508
1720556931
1963773119
1573460405
2064319771
1252460332
1685756544
1526696682
1347035779
1741809406
1368134438
1653898517
1875656805
1380704094
1593673590
1364554338
1689447265
1540908191
1838360604
1149177683
2094423546
1479084480
1539114240
1798827575
1719628818
1789352076
1213456896
2127056882
1846689429
1270996774
1394753347
1843476131
2094110007
1845698186
1391992259
1435828699
1112539486
1623374725
1074204037
2076680856
1891466493
1692041694
1428421944
1221582875
1418970452
1270695010
1603400709
1544403403
1381962580
2034339929
1122842750
1591653777
1896780067
1312771374
1115048578
1860796438
1740324620
1905968877
1916987604
1084206748
1185132571
1650485238
1361930689
2079316063
2113513681
1814596161
1918967225
1095410864
1675457669
1261976982
1740762245
1901992509
2040925015
2143731549
1107610827
1907435692
2007522910
1543066435
1759214403
1293688903
2031962425
1061709636
1978967730
1000757116
1909623158
1382399465
1081008685
2040582362
1891613391
1439147269
1535743283
1010684845
1564212471
1839784782
1117672452
1842483065
2134894460
1368569679
2123003209
1195581016
1480965727
1222546386
2143328861
2117328771
1083158491
1459885749
1711274189
1187628843
2103367158
1071018256
1653039332
1362957093
2039786889
1097639198
1024917555
2056015336
1229056305
1589673544
1974130722
1843591694
1553473289
1900466208
2093434580
1279542889
1662199797
1780800788
1477600891
1083062641
1758140483
1828692028
1584722234
2145405818
1372521361
1335253289
1107499509
1386610913
1999348596
1806155385
1953959372
1286875661
1139278024
1177611410
1929045994
1641936176
2032352112
1828618394
1728320126
1438097342
1730106123
1910800172
1773379511
2126925663
1808512378
1694311637
1474876184
1348117061
1185971193
2053959273
2018614912
2035514931
1429748437
2032005813
1076396533
2061706691
2002112501
1679594074
1657580143
1179609946
1372320863
1019746406
1712891138
1823277606
1407564202
1726105766
1029821874
1347211872
2090302246
1813755790
1651470375
1718433179
1334035759
1693695386
1266311834
