-37.810360761457865 144.9642516444488
-37.81056846294626 144.96432900038826
-37.810638261769725 144.96408894180323
-37.8107080605932 144.96384888321822
-37.81077785941666 144.96360882463318
-37.810847658240135 144.96336876604818
-37.810917457063596 144.96312870746317
-37.81098725588707 144.96288864887813
-37.81105705471054 144.9626485902931
-37.811126853534006 144.9624085317081
-37.811196652357474 144.96216847312309
-37.81126645118094 144.96192841453805
-37.811316898671635 144.96175491085086
-37.811545157493995 144.96185688099362
-37.811773416316356 144.9619588511364
-37.81200167513872 144.96206082127912
-37.81222993396108 144.96216279142192
-37.812458192783446 144.96226476156465
-37.812686451605806 144.9623667317074
-37.81291471042817 144.96246870185016
-37.81314296925052 144.96257067199292
-37.81329171330676 144.96263712047667
-37.81335815113272 144.96239611007175
-37.81342458895867 144.96215509966683
-37.8135572108636 144.9620527948823
