-37.7929674351799 144.96085799574823
-37.792816488870386 144.96105728250555
-37.792665542560876 144.96125656926287
-37.792574432083974 144.96137685780494
-37.79232455107586 144.96138457024824
-37.792082835504246 144.96139203066977
-37.792087900103446 144.96164197936417
-37.79209296470265 144.96189192805858
-37.79209482570364 144.9619837723981
-37.79234394077612 144.9619627561981
-37.792593055848606 144.96194173999805
-37.792842170921084 144.96192072379802
-37.79309128599356 144.961899707598
-37.79334040106604 144.961878691398
-37.79353363550493 144.96186238947945
-37.79369228105188 144.96205560332584
-37.793850926598836 144.96224881717222
-37.79400957214579 144.96244203101858
-37.79416821769274 144.96263524486497
-37.79432686323969 144.96282845871133
-37.79433096386983 144.96283345285417
-37.79456740443922 144.9627522379716
-37.79480384500861 144.9626710230891
-37.795040285578 144.9625898082065
-37.79527672614738 144.96250859332397
-37.795513166716766 144.96242737844142
-37.795589885874854 144.96240102620655
-37.7958362783504 144.96244334343703
-37.796082670825946 144.96248566066745
-37.7963290633015 144.9625279778979
-37.79642915529341 144.96254516842242
-37.79666450405114 144.96246084190085
-37.79689985280885 144.9623765153793
-37.797135201566576 144.96229218885773
-37.797370550324295 144.96220786233616
-37.79760542147318 144.962123706944
